1731697465 1076
1731698551 1104
1731700667 1148
1731701742 1148
1732161692 1181
1732169591 1188
1732289343 1223
1732492187 1267
1733158412 1343
1733954736 1344
1734395394 1385
1735613358 1377
1735615040 1377
1736055648 1379
1736823243 1379
1737680024 1379
1737914292 1416
1738810186 1433
1742431567 1535
1742917373 1608
1743036878 2872
1743456967 2874
1743639447 2877
1744253280 2907
1744329639 2907
1746568634 3142
1750355817 3194
1751527106 3274
1751527147 3274
1751670398 3345
1752031959 3344
1752797364 3383
1753765915 3372
1754348438 3411
1756422308 3967
1756422342 3738
1757284759 3742
1757512135 3829
1758344338 4349
1759292541 4347
1762193623 4480
1763711063 4522
1766582721 4842
1766835355 4833
1767205992 5055
1767240438 4832
1767675206 4820
1768797697 7239
1768925056 7238
1770014696 7460
1770125700 7460
1770916647 7943
1770918157 7907
1770918707 7904
1770919520 7904
1770922868 7847
1771591129 7965
1771591409 7907
1771592019 7955
1771887923 8381
1772734168 7923
1773100022 7917
1773106603 7977
1773456578 8201
1774947560 8242
1775526780 8328
1775865867 8333
1777284234 8537
1777288490 8539
1777296088 8539
1777378488 8586
